TetrahedronInfo
0 0 0
5 8.66 0
10 0 0
5 2.88 8.16

TetrahedronInfo
5 10 0
0.23 8.47 0
10 10 0
5.44 7.14 4

TetrahedronInfo
2 5 0
7.6 2.85 0
2.92 -0.92 0
4.16 2.29 4.89

TetrahedronInfo
0 0 0
-0.99 0.058 0
-0.44 0.89 0
-0.48 0.31 0.81

TetrahedronInfo
10 0 3
18.4 0 -0.22
10.15 0 2.01
13.24 7.34 -1.05

TetrahedronInfo
-15 0 0
-511.60 -859.90 0
-1008 0.092 0
-511.53 -286.60 810.78

TetrahedronInfo
10 0 3
18.4 0 -0.22
11.38 0 -5.89
13.24 7.34 1.41

TetrahedronInfo
0 415 909
0 414.039 910.75
0 413 909.04
1.63 414.01 909.59

TetrahedronInfo
24 0 1
241.54 0 -887.76
902.45 0 -255.01
389.32 747.09 -380.58

TetrahedronInfo
29 42 10
97.74 36.1 10
58.26 -20.48 10
61.67 19.20 66.33